data_10_str = """
grid_size,A_blocks,A_tsp,A_time,A_tile_before_count,A_tile_after_count,A_tsp_before_count,A_tsp_after_count,B_blocks,B_tsp,B_time,B_tile_before_count,B_tile_after_count,B_tsp_before_count,B_tsp_after_count
20,76.720000,185.965899,60.660461,50,0,46,4,113.400000,213.282498,5.901032,50,0,2,48
30,166.900000,396.710956,12.654514,50,0,0,50,244.260000,469.917718,25.944902,50,0,0,50
40,294.320000,698.042663,58.857970,50,0,0,50,428.940000,828.152687,126.645366,50,0,0,50
50,452.920000,1082.000918,191.556197,50,0,0,50,658.140000,1397.121534,4.330862,50,0,0,50
60,727.400000,1760.859589,0.997101,0,50,0,50,1023.900000,3557.494259,0.272478,0,50,0,50
70,990.320000,4776.430195,0.597784,0,50,0,50,1396.980000,4855.750484,0.387987,0,50,0,50
80,1292.100000,6265.389823,0.824591,0,50,0,50,1821.960000,6353.642637,0.565754,0,50,0,50
90,1631.200000,7957.707515,1.052552,0,50,0,50,2301.240000,8064.577406,0.680133,0,50,0,50
100,2013.060000,9849.006911,1.292737,0,50,0,50,2829.960000,9960.385477,0.873970,0,50,0,50
110,2430.720000,11931.220220,1.467032,0,50,0,50,3417.960000,12064.644054,1.094958,0,50,0,50
120,2892.260000,14236.783241,1.799397,0,50,0,50,4073.520000,14378.469707,1.273239,0,50,0,50
130,3394.740000,16728.569292,2.225809,0,50,0,50,4775.580000,16879.429015,1.425248,0,50,0,50
140,3937.100000,19411.866959,2.491587,0,50,0,50,5534.400000,19584.072686,1.726985,0,50,0,50
150,4514.300000,22321.522501,2.851835,0,50,0,50,6348.120000,22499.635079,1.931744,0,50,0,50
160,5139.040000,25402.711350,3.344163,0,50,0,50,7219.500000,25597.739436,2.130643,0,50,0,50
170,5789.800000,28711.501479,3.750803,0,50,0,50,8138.940000,28923.429514,2.453081,0,50,0,50
180,6494.720000,32187.435161,4.406738,0,50,0,50,9129.360000,32426.711111,2.855078,0,50,0,50
190,7231.680000,35907.548482,5.208847,0,50,0,50,10159.080000,36145.094014,3.420872,0,50,0,50
200,8016.560000,39800.781892,5.616088,0,50,0,50,11265.360000,40052.810630,3.411622,0,50,0,50
"""

data_15_str = """
grid_size,A_blocks,A_tsp,A_time,A_tile_before_count,A_tile_after_count,A_tsp_before_count,A_tsp_after_count,B_blocks,B_tsp,B_time,B_tile_before_count,B_tile_after_count,B_tsp_before_count,B_tsp_after_count
20,90.280000,199.404613,61.319552,50,0,42,8,135.100000,237.860868,5.660275,50,0,0,50
30,195.680000,430.278853,22.625314,50,0,0,50,292.500000,520.114710,47.440616,50,0,0,50
40,344.700000,755.275653,103.008891,50,0,0,50,515.020000,987.372333,28.449068,50,0,0,50
50,531.900000,1265.123632,2.083823,50,0,0,50,795.760000,1930.550348,0.899669,50,0,0,50
60,837.880000,3533.896803,0.493101,0,50,0,50,1197.060000,3593.443844,0.317155,0,50,0,50
70,1144.680000,4829.282056,0.674822,0,50,0,50,1634.740000,4902.302209,0.420543,0,50,0,50
80,1490.540000,6328.224740,0.922601,0,50,0,50,2123.740000,6408.011888,0.578331,0,50,0,50
90,1878.460000,8025.298211,1.155252,0,50,0,50,2675.520000,8116.145323,0.743209,0,50,0,50
100,2326.040000,9923.630838,1.386466,0,50,0,50,3315.160000,10028.192318,0.881375,0,50,0,50
110,2807.620000,12016.975421,1.694991,0,50,0,50,3996.040000,12139.443701,1.093418,0,50,0,50
120,3339.220000,14323.506744,2.021772,0,50,0,50,4750.800000,14454.650709,1.374131,0,50,0,50
130,3927.000000,16835.419120,2.379353,0,50,0,50,5592.100000,16971.546973,1.488750,0,50,0,50
140,4541.600000,19521.196395,2.766092,0,50,0,50,6461.800000,19677.676584,1.796443,0,50,0,50
150,5201.580000,22429.546351,3.219035,0,50,0,50,7409.880000,22596.871575,2.026201,0,50,0,50
160,5926.440000,25534.389310,3.594812,0,50,0,50,8421.040000,25714.092983,2.267188,0,50,0,50
170,6683.980000,28850.334693,3.939500,0,50,0,50,9519.460000,29045.696021,2.675921,0,50,0,50
180,7491.960000,32354.883892,4.570962,0,50,0,50,10659.900000,32560.419874,2.952276,0,50,0,50
190,8348.420000,36063.254026,5.065500,0,50,0,50,11870.980000,36288.739489,3.219981,0,50,0,50
200,9251.680000,39976.828815,5.498446,0,50,0,50,13168.120000,40211.995060,3.660730,0,50,0,50
"""

data_20_str = """
grid_size,A_blocks,A_tsp,A_time,A_tile_before_count,A_tile_after_count,A_tsp_before_count,A_tsp_after_count,B_blocks,B_tsp,B_time,B_tile_before_count,B_tile_after_count,B_tsp_before_count,B_tsp_after_count
20,98.920000,211.253323,36.587290,50,0,19,31,149.780000,250.728443,8.472878,50,0,0,50
30,216.660000,452.586352,33.525917,50,0,0,50,327.900000,552.206617,68.637062,50,0,0,50
40,380.100000,799.250595,145.622902,50,0,0,50,574.220000,1055.816503,0.570999,50,0,0,50
50,590.300000,1337.987710,1.412845,50,0,0,50,892.340000,2503.535162,0.349541,50,0,0,50
60,918.560000,3558.335963,0.516007,0,50,0,50,1320.120000,3611.943200,0.335141,0,50,0,50
70,1253.260000,4856.110308,0.757034,0,50,0,50,1801.040000,4920.355004,0.462244,0,50,0,50
80,1632.860000,6354.756310,0.956292,0,50,0,50,2345.540000,6429.236048,0.592995,0,50,0,50
90,2061.480000,8063.974983,1.200610,0,50,0,50,2961.180000,8146.317226,0.763155,0,50,0,50
100,2546.920000,9967.181981,1.529176,0,50,0,50,3654.560000,10056.728181,0.935979,0,50,0,50
110,3076.220000,12072.597965,1.727954,0,50,0,50,4413.560000,12174.717314,1.157299,0,50,0,50
120,3659.120000,14377.427779,2.058236,0,50,0,50,5242.800000,14492.749974,1.430017,0,50,0,50
130,4298.740000,16886.457029,2.449208,0,50,0,50,6160.940000,17008.548834,1.605184,0,50,0,50
140,4977.300000,19600.227799,2.879307,0,50,0,50,7135.940000,19727.644865,1.797750,0,50,0,50
150,5708.120000,22503.473523,3.185140,0,50,0,50,8192.280000,22657.462529,2.075877,0,50,0,50
160,6494.120000,25616.142803,3.825225,0,50,0,50,9311.600000,25770.866818,2.398502,0,50,0,50
170,7338.400000,28941.409230,4.154971,0,50,0,50,10517.900000,29105.233030,2.638725,0,50,0,50
180,8209.500000,32455.511117,4.893642,0,50,0,50,11773.020000,32630.082938,3.029146,0,50,0,50
190,9151.560000,36167.521216,5.352489,0,50,0,50,13110.740000,36355.927573,3.316454,0,50,0,50
200,10140.660000,40091.300749,5.905427,0,50,0,50,14534.660000,40286.853718,3.790839,0,50,0,50
"""