data_10_str = """
grid_size,A_blocks,A_mst,A_time,B_blocks,B_mst,B_time
20,82.840000,153.690607,0.017046,118.620000,175.688604,0.012373
30,184.520000,340.916403,0.045135,261.120000,390.480432,0.038976
40,328.180000,602.999637,0.095625,465.720000,692.754302,0.097942
50,506.140000,934.809148,0.177315,718.440000,1071.188599,0.204628
60,727.400000,1339.005031,0.302184,1023.900000,1531.536042,0.385935
70,990.320000,1817.612771,0.488542,1396.980000,2081.791781,0.668061
80,1292.100000,2374.534907,0.745386,1821.960000,2714.375754,1.086904
90,1631.200000,2999.007912,1.097102,2301.240000,3431.433165,1.680882
100,2013.060000,3690.062536,1.571750,2829.960000,4219.436527,2.484081
110,2430.720000,4459.231234,2.179939,3417.960000,5104.905943,3.563568
120,2892.260000,5301.298482,2.973850,4073.520000,6069.003753,4.979938
130,3394.740000,6227.756118,3.980351,4775.580000,7123.803597,6.788676
140,3937.100000,7213.707698,5.200132,5534.400000,8253.308938,9.037388
150,4514.300000,8276.871327,6.696119,6348.120000,9465.696224,11.800578
160,5139.040000,9408.216501,8.489612,7219.500000,10764.464881,15.139950
170,5789.800000,10620.452895,10.660622,8138.940000,12138.440791,19.207073
180,6494.720000,11895.268147,13.223048,9129.360000,13606.896724,24.036574
190,7231.680000,13250.980562,16.183925,10159.080000,15158.660773,29.604188
200,8016.560000,14673.418253,19.615436,11265.360000,16787.619908,36.154605
"""

data_15_str = """
grid_size,A_blocks,A_mst,A_time,B_blocks,B_mst,B_time
20,96.600000,167.013129,0.018625,139.180000,194.104253,0.014086
30,213.100000,369.125488,0.048253,304.740000,429.304750,0.045684
40,377.100000,653.367385,0.103853,538.540000,758.931603,0.116920
50,585.440000,1010.259217,0.200968,839.800000,1182.531236,0.255404
60,837.880000,1447.879360,0.349262,1197.060000,1690.242960,0.487357
70,1144.680000,1973.060924,0.576440,1634.740000,2302.380116,0.857958
80,1490.540000,2570.757271,0.894563,2123.740000,2995.687594,1.405548
90,1878.460000,3239.837666,1.329631,2675.520000,3777.446795,2.180350
100,2326.040000,3997.777144,1.933606,3315.160000,4673.168314,3.278022
110,2807.620000,4833.365013,2.704376,3996.040000,5640.271544,4.697296
120,3339.220000,5746.164861,3.713181,4750.800000,6699.559813,6.584419
130,3927.000000,6750.989636,5.009839,5592.100000,7880.588224,9.056533
140,4541.600000,7807.221017,6.574954,6461.800000,9112.338425,12.011673
150,5201.580000,8950.151561,8.472371,7409.880000,10450.557764,15.677083
160,5926.440000,10192.229750,10.849138,8421.040000,11881.393879,20.222991
170,6683.980000,11500.322784,13.629175,9519.460000,13420.475011,25.739372
180,7491.960000,12880.766160,16.976617,10659.900000,15035.151256,32.214154
190,8348.420000,14358.103754,20.816893,11870.980000,16752.771522,39.727521
200,9251.680000,15904.814996,25.341110,13168.120000,18569.273845,48.714419
"""

data_20_str = """
grid_size,A_blocks,A_mst,A_time,B_blocks,B_mst,B_time
20,105.380000,174.475577,0.018384,152.120000,204.391041,0.014923
30,232.140000,386.306372,0.051231,336.420000,454.044648,0.052392
40,411.760000,685.348168,0.114057,591.020000,802.770940,0.136814
50,640.560000,1061.752156,0.222523,921.140000,1249.998984,0.299066
60,918.560000,1523.753484,0.393758,1320.120000,1791.420762,0.586976
70,1253.260000,2073.101201,0.661442,1801.040000,2437.089866,1.040065
80,1632.860000,2707.946985,1.050289,2345.540000,3183.718764,1.712368
90,2061.480000,3413.619044,1.575024,2961.180000,4017.181279,2.683481
100,2546.920000,4205.593219,2.276940,3654.560000,4952.571939,4.010341
110,3076.220000,5091.617307,3.212271,4413.560000,5989.160936,5.806027
120,3659.120000,6049.114462,4.360174,5242.800000,7116.291965,7.992876
130,4298.740000,7108.864152,5.904749,6160.940000,8361.564257,10.979985
140,4977.300000,8229.789659,7.779854,7135.940000,9677.737830,14.658391
150,5708.120000,9437.027728,10.035488,8192.280000,11113.456011,19.134768
160,6494.120000,10733.247118,12.844450,9311.600000,12625.995564,24.694704
170,7338.400000,12123.197644,16.204577,10517.900000,14266.939727,31.384769
180,8209.500000,13577.145143,20.126354,11773.020000,15982.871319,39.186235
190,9151.560000,15119.529677,24.799915,13110.740000,17798.548276,48.504596
200,10140.660000,16764.115284,30.204568,14534.660000,19730.692695,59.413236
"""