data_10_str = """
grid_size,A_blocks,A_mst,A_time,B_blocks,B_mst,B_time
20,82.840000,153.690607,0.025577,118.620000,175.688604,0.017421
30,184.520000,340.916403,0.063520,261.120000,390.480432,0.049874
40,328.180000,602.999637,0.115163,465.720000,692.754302,0.109144
50,506.140000,934.809148,0.203234,718.440000,1071.188599,0.221572
60,727.400000,1339.005031,0.350630,1023.900000,1531.536042,0.413518
70,990.320000,1817.612771,0.561066,1396.980000,2081.791781,0.719432
80,1292.100000,2374.534907,0.888205,1821.960000,2714.375754,1.250610
90,1631.200000,2999.007912,1.367815,2301.240000,3431.433165,1.988569
100,2013.060000,3690.062536,2.212609,2829.960000,4219.436527,3.355914
110,2430.720000,4459.231234,2.860457,3417.960000,5104.905943,4.384843
120,2892.260000,5301.298482,3.917569,4073.520000,6069.003753,6.470864
130,3394.740000,6227.756118,5.058058,4775.580000,7123.803597,8.435414
140,3937.100000,7213.707698,6.886364,5534.400000,8253.308938,12.216943
150,4514.300000,8276.871327,9.205008,6348.120000,9465.696224,15.303728
160,5139.040000,9408.216501,10.892101,7219.500000,10764.464881,18.325629
170,5789.800000,10620.452895,13.122823,8138.940000,12138.440791,22.543871
180,6494.720000,11895.268147,15.952379,9129.360000,13606.896724,28.240972
190,7231.680000,13250.980562,19.413335,10159.080000,15158.660773,34.813815
200,8016.560000,14673.418253,23.801162,11265.360000,16787.619908,42.718939
"""

data_15_str = """
grid_size,A_blocks,A_mst,A_time,B_blocks,B_mst,B_time
20,96.600000,167.013129,0.027203,139.180000,194.104253,0.019803
30,213.100000,369.125488,0.075852,304.740000,429.304750,0.065641
40,377.100000,653.367385,0.166284,538.540000,758.931603,0.168634
50,585.440000,1010.259217,0.287898,839.800000,1182.531236,0.332880
60,837.880000,1447.879360,0.476332,1197.060000,1690.242960,0.608487
70,1144.680000,1973.060924,0.811303,1634.740000,2302.380116,1.111202
80,1490.540000,2570.757271,1.172728,2123.740000,2995.687594,1.703442
90,1878.460000,3239.837666,1.714705,2675.520000,3777.446795,2.645907
100,2326.040000,3997.777144,2.494453,3315.160000,4673.168314,4.029206
110,2807.620000,4833.365013,3.559870,3996.040000,5640.271544,5.863255
120,3339.220000,5746.164861,4.713975,4750.800000,6699.559813,8.090685
130,3927.000000,6750.989636,6.259564,5592.100000,7880.588224,10.854399
140,4541.600000,7807.221017,8.167672,6461.800000,9112.338425,14.412356
150,5201.580000,8950.151561,10.443669,7409.880000,10450.557764,18.723413
160,5926.440000,10192.229750,13.335589,8421.040000,11881.393879,24.083954
170,6683.980000,11500.322784,18.686756,9519.460000,13420.475011,34.945421
180,7491.960000,12880.766160,23.349208,10659.900000,15035.151256,42.527016
190,8348.420000,14358.103754,27.961264,11870.980000,16752.771522,51.639275
200,9251.680000,15904.814996,33.118720,13168.120000,18569.273845,64.315035
"""

data_20_str = """
grid_size,A_blocks,A_mst,A_time,B_blocks,B_mst,B_time
20,105.380000,174.475577,0.029460,152.120000,204.391041,0.022230
30,232.140000,386.306372,0.083322,336.420000,454.044648,0.077290
40,411.760000,685.348168,0.173679,591.020000,802.770940,0.192164
50,640.560000,1061.752156,0.368539,921.140000,1249.998984,0.465539
60,918.560000,1523.753484,0.606012,1320.120000,1791.420762,0.805176
70,1253.260000,2073.101201,0.930040,1801.040000,2437.089866,1.325633
80,1632.860000,2707.946985,1.400639,2345.540000,3183.718764,2.196886
90,2061.480000,3413.619044,2.061568,2961.180000,4017.181279,3.357458
100,2546.920000,4205.593219,3.005608,3654.560000,4952.571939,5.015246
110,3076.220000,5091.617307,4.152931,4413.560000,5989.160936,7.172494
120,3659.120000,6049.114462,5.645248,5242.800000,7116.291965,10.003944
130,4298.740000,7108.864152,8.643806,6160.940000,8361.564257,14.994617
140,4977.300000,8229.789659,10.065955,7135.940000,9677.737830,18.358126
150,5708.120000,9437.027728,12.941561,8192.280000,11113.456011,24.042746
160,6494.120000,10733.247118,17.532920,9311.600000,12625.995564,32.247850
170,7338.400000,12123.197644,20.690998,10517.900000,14266.939727,39.090486
180,8209.500000,13577.145143,25.517750,11773.020000,15982.871319,48.483834
190,9151.560000,15119.529677,31.137777,13110.740000,17798.548276,59.783559
200,10140.660000,16764.115284,38.112388,14534.660000,19730.692695,73.662580
"""